1 0.5 0.33 0.25 0.2 0.16 1
0.5 0.33 0.25 0.2 0.16 0.14 0
0.33 0.25 0.2 0.16 0.14 0.12 0
0.25 0.2 0.16 0.14 0.12 0.11 0
0.2 0.16 0.14 0.12 0.11 0.1 0
0.16 0.14 0.12 0.11 0.1 0.09 0


1 0.5 0.33 0.25 0.2 0.16 0.14 0.12 0.11 0.1 1
0.5 0.33 0.25 0.2 0.16 0.14 0.12 0.11 0.1 0.09 0
0.33 0.25 0.2 0.16 0.14 0.12 0.11 0.1 0.09 0.083 0
0.25 0.2 0.16 0.14 0.12 0.11 0.1 0.09 0.083 0.076 0
0.2 0.16 0.14 0.12 0.11 0.1 0.09 0.083 0.076 0.071 0
0.16 0.14 0.12 0.11 0.1	0.09 0.083 0.076 0.071 0.067 0
0.14 0.12 0.11 0.1 0.09	0.083 0.076 0.071 0.067 0.062 0
0.12 0.11 0.1 0.09 0.083 0.076 0.071 0.067 0.062 0.058 0
0.11 0.1 0.09 0.083 0.076 0.071 0.067 0.062 0.058 0.055 0
0.1 0.09 0.083 0.076 0.071 0.067 0.062 0.058 0.055 0.52 0

